FCI EXPERIMENT RESULTS SUMMARY
================================================================================

     Dataset  N_runs precision_mean   precision_ci recall_mean      recall_ci f1_mean          f1_ci shd_mean             shd_ci
       Sachs     100          0.353 [0.343, 0.363]       0.571 [0.555, 0.586]   0.432 [0.423, 0.442]   35.320   [34.450, 36.210]
Synthetic 12     100          0.472 [0.467, 0.478]       0.722 [0.717, 0.728]   0.571 [0.566, 0.575]   32.620   [32.280, 32.970]
      Cancer     100          0.447 [0.433, 0.460]       0.825 [0.790, 0.860]   0.569 [0.553, 0.585]    8.280     [7.980, 8.590]
     Titanic     100          0.169 [0.165, 0.173]       0.642 [0.624, 0.662]   0.267 [0.261, 0.273]   20.870   [20.520, 21.230]
  Earthquake     100          0.416 [0.404, 0.428]       0.980 [0.963, 0.993]   0.581 [0.568, 0.594]    9.700    [9.420, 10.000]
      Survey     100          0.382 [0.361, 0.404]       0.368 [0.343, 0.393]   0.360 [0.342, 0.379]    9.950    [9.560, 10.370]
        Asia     100          0.451 [0.440, 0.462]       0.690 [0.674, 0.706]   0.541 [0.531, 0.550]   15.020   [14.550, 15.570]
       Child     100          0.319 [0.313, 0.325]       0.741 [0.735, 0.746]   0.445 [0.439, 0.451]   65.120   [63.990, 66.280]
Synthetic 30     100          0.393 [0.388, 0.397]       0.306 [0.302, 0.309]   0.343 [0.340, 0.347]  145.960 [145.190, 146.760]